Card   1: 28 48 49 69  1 86 94 68 12 85 | 86 57 89  8 81 85 82 68  1 22 90  2 74 12 28 45 69 92 62  4 94 48 47 64 49
Card   2: 57 32 92 73 76 62 11 19 61 90 | 19 82 53 87 57 80 69 76 90 56 11 61 30 92 73 99  4 32 33 64 34 62 27 78 65
Card   3:  6 56 40  1 47 26 25 87  4  2 | 12 26 32 25  8  4 41 54 69 99  2 45 70  6 59 23 47  7 49 17  1 56 92 87 40
Card   4: 26 49 44 82 25 43 47 74 97 13 | 76 62 13 82 55 26 93 84 83 19 47 22 49 44 25 43  7 18  9 45 97 15 90 85 74
Card   5: 76 94  4 55 97  8 22 99 80 70 | 64 75 23 49 42  1 66 54 85 29 28 94 22 93  4 69 72 62 41  2 86 83 97 34 82
Card   6: 65 91  7 24 80 20 46 29 58 57 | 51 59 52 63 28 44 62 35 46 49 24 14 58 91 65 78 84 20 43 32 23 15 29 13 22
Card   7: 98 94 55 43 83 72 19 46 45 22 | 55 67 59 91 46 37 24 52 98  4 72 22 44 94 88 43 27  7 75 13 45 82 15 65 19
Card   8: 92 51 81  9  5 91 73  1 80 94 | 56 72 71 32 92 98 15  2 10 91 62  1 51 74 69 89 33 96 39 97 21 86 65 52 83
Card   9: 84 40 87 91  3 61 20 73  2 37 | 77  3 37 81 20  9 51  2 87 73 53 66 26 36 69 99 83 96 88  5 91 18 40 57 80
Card  10: 97 63 52 67 86 87 91 25 69 43 | 68 67 75  3 85 10 88 99 52 43 95 92 80 87 11 13 96 58  1 17 74 20 36 93 77
Card  11: 28 90 77 78 52  7 94 13  6 88 | 11 69 49 56 59 14  7 24 53 21 67  2 17  8 47 66 48 30 79 43 86 64 46 28 23
Card  12: 50 22 25 69 54  4 37 14 49 75 | 82 84 78 88 87 15 80  1 11 91 89 93 25 98 74 42  6 59 23 58 13 46 49 32 95
Card  13: 96 56 86 38 29 43 69 66 26 46 | 80 13 90 30 41 86 44 95 71 23 40 75 33 14 56 59 89 18 92 79 15  4 84 68 82
Card  14: 88 58 96 80 56 16 55 13  3 40 | 20 57 23 71 76 43 35 72 52 18 60 36 80 84 64 75 93 46 19 69 25 31 58 45 47
Card  15: 89 88 34 62 60 41 15 42 57 58 | 58 49 82 42 70 78 72 57 77 47 62 89 30 60 96 98 54 66 25 14  6 34 15 41 88
Card  16: 97 73 29 26 91 16 66 64 70 23 |  3 12 61 11 70 59 71  1 26 44 14 64 63 93 20 17 89 16 43 96 52 92 46 97 85
Card  17:  9 30  5 43 33 46 87 34 97 71 | 21 64  8 43 77  9 20 46 10 19 53 33 71 56 39 87 34 50 72 91 30 89 13  5 97
Card  18: 72 41 12 58  8 56 11 82 22 66 | 27 97 48 14 77 37 33 91 85 39 75 42 58  2 52  9 70 45 72 62  5 21 23 60 99
Card  19:  3 46 56  2 58  4 92 80 86 52 | 15 56 91 57 61  8 87 34 51  3 23 41 96 45 48 49 43 25 26  9 58 50 52 38 12
Card  20: 95 26 31 69 63 25 56 87 74 48 | 88 16 42 22 30 14 71 62 35 87 99  3 96 54 41 83 40 29 79 20 50 24 53 10 66
Card  21: 75 76 94 26 24 56 34 35 93 87 | 42 23 71 55 44 79 12  4 78 32 82 53 40 35 43 50  9 65 29 57 93 86  7 67 19
Card  22: 53 58 25 33 42 98 94 95 97 22 | 44 91 40  1 88 31 61  6 54 52 47 93  3 99 27 59 15 53 56 39 66 43 51 41 48
Card  23: 34 95 33 45 56 37 30 94 76 67 |  9  1 72 68 51 66 36 24 21 92 35 50 62 86 90 49 82 46 15  4 70 40 75 64 73
Card  24: 73 93 49 22 86 18 31 87  3  2 | 27 42 46 97 49 31 47 25 93 74  9 60 44 87 15 63 18  2 73 89  3 62 86 65 22
Card  25: 36 24 95 21 31  7 56 93 82 17 | 82 36 23 54 66 83 95 31 65 16 17 86  7 21 61 24 55 56 13 53 59 64 96 39 32
Card  26: 16 89 92 12 40 17  3 80 20 21 | 37 72 26  9 79 55 74  2 92 59 17 35 71 94 98 31 58  3 32 51 21 88 40 96 57
Card  27: 70 19 81 48 62 26 45 86 65 41 | 63 38 71 43 50 42 25 14 18 54 66 96 29 36 95 73 20 76 16  6 58 78 56 87 91
Card  28: 61 66 57 75 52 20 41 21 24 14 | 83 51 77 14 66 91 75  3 47 20 18 65 76 52  5 11 72 57 10 36 30 92 73 28 19
Card  29: 94 39 68 79 28 70 81 97 59 48 | 46  4 41 39 38 75 18 76 45 31 79 97 91 64 71 85 63 55  8 94 67 59 36 74 49
Card  30: 90 45 15 47  1 24 99 62 69 55 | 42  5  1 37 77 71 66 57 94 18 26 47 46 27 48 80 24 95 30 15 53 90 38 99 69
Card  31: 53 16 59 23 78 95 38 17 40  7 | 86 20  7 98 44 19 73 36 40  4 58 16 94  2 83 32  6 78 57 13 35 30 87 51  5
Card  32: 64 79 78  6 24 15 44 45 82 33 | 34 18 80 94 54 59 14 23 77 25 73 81 26 62 17 45 37 82 67 24 98 78 85 43 13
Card  33: 91 97 83 95 89 32 86 94 96 19 | 93 39 57 58 41 62  1 80 33  2 24 51 27 25  6 10 78 76 63 65 38 79 61 98 90
Card  34: 41 84 69 81 95 71  7 80 65 55 | 88 17 73  3 54 66 68  8 76 84 36 79 55 47 58 91 37 53 57 46 93 71 83 42 12
Card  35: 51 67 16 48 34 86 59 74 98 65 | 14 75 23 98 48 83 11 35 18 93 68 50 85 31 40 82 27 92 55 63 64 37 76  2 33
Card  36: 26 80 18 67 87 93 79  1 59 61 | 83 51 97 34 70 90 49 44 39 95 92 38 55  9 65 96 94 82 61  1 20 46 50 63  6
Card  37: 71 13 91 66 24  3  1 41 27 75 | 12 38 45  5 80 11  8 59 90 64 85 49 52 56 35 96  7 20 53 39 44 22 76 57 66
Card  38: 21 56  2 42 51 28 37 38 95 12 |  3 84 55 81 91  6 90 14 68 93 64 33 78  7  4 60 18 54 11 29 26 19 75 72 52
Card  39:  1 40 97 60 90 47 74 41  7 58 | 43  8 47 72  7 78 41 96  5 37 98 97 58 89 23 65 74  1 92 90 28 16 60 40 67
Card  40: 75 99 14 36 64 42 30  8 52 97 | 64 89 36 80 99 30 57 40 35 75 53 97 52 38 68  1 74 42 14 60 49 79  8 72 20
Card  41: 26 38 87 47 39 62 56  2 49 51 | 25 45 87 63 24  2 39 51 54 56 70 62 77 57 68 49 31 34 26 72 42 38 47 94 29
Card  42: 26 69 10 47 89 27 43 62 97 50 | 62 79 50 69  2 97 68 87 27  5 67 18 64 26 10 25 91  4  7 43 70 14  1 54 89
Card  43: 92 16 95 21 15 77 27 88 76 63 | 92 77 78  1 58 96  8 31 63 16 14  2 54 88 15 52 73 76 21 27 84 71 25 95 72
Card  44: 27 31 64 16 96 95 74 57 59 53 | 75 20 48 11 18 44  3 45 79 98 12 54 30 60 32 15 13 72 21 87 85 52 70 33 35
Card  45: 62 31 89 91 85 83 93 11 26 23 | 53 55 71 62 14 65  8 21 96 57 17 91 51 82 86 47 64 80  3 69 56 90 85 32 70
Card  46: 52 67 93 77 39 13 55 63 68 78 | 19 96 76 50 11 61 72 81 64 10 84 22 83 37  3 58 80 48 57 18 59 62 92  4  9
Card  47: 31 14 25 56 83 48 53 64 39 77 | 48 34 27 16  5 55 77 42 17  6 24 49 37 92 51  8 97 52 41 11 31 80 47 87 38
Card  48: 69 65 89 40  1 31 64 50 48 38 | 44 75 74 58 13 56 50 80 22 89 47 95  8 53 31 38 48 64 72 39  1 52 43 17 65
Card  49: 30 49 86 87 78 96 73 44 21 90 | 14 39 75 49 96 63 56 73 64 81 93 98 99  1 13 65 54 88 61 83 44 30 45 15 67
Card  50: 61 79 65 67 77 58 21 37 90 48 | 81 79 62 51 21 85 61 90 92 47 29 23 80  7 98 40 59 87 18 77 48  6 99 88  1