465496798688746549679868874611111111111
456467998645345646799864534511111111111
122468686556312246868655631211111111111
254654888711111111488877352546548811111
432267465511111111746555334322674611111
241343231111111111323113232413432311111
321545353511111111535356233215453535623
325524565425432552456542543255245654254
333358584545234465858454523446585845452
333365786753645466578675364546657867536
333359879845414385987984541438598798454
445787698777777778769877664457876987766
363787711122888888888888533637877979653
465496711126889333338888874654967986887
456467911127883333338888534564679986453
122468686558883333338888631224686865563
254654888778883333338888352546548887735
432267465558883333111111114322674655533
241343231138883333111111112413432311323
321545353568883333111111113215453535623
241343231138888888888888652413432311323
321545353567888888888888883215453535623
325524565426778888888888843255245654254
344658584545111115858454523446585845452
454665786753111116599999998889999999999
143859879845111115999999988899999999999
445787698776644578799999999999999999998
363787797965336378799999999999999999777
325524565425432552499999999999999966666
344658584545234465899999999999995555555
454665786753645466578675364546555555555
143859879845414385987984541438555555555
111111111111114578769877664457555555555
222222222222216378779796533637555555555
222222222222216549679868874654967986887
222211111222215646799864534564679986453
222211111222212246868655631211111165563
222211111222215465488877352511111187735
222222222222213226746555334311111155533