14 24 47 98 207 437 920 1925 3972 8017 15766 30244 56876 105605 195154 361806 677726 1289090 2494077 4898138 9713337
-4 10 38 80 136 209 290 388 500 626 766 920 1088 1270 1466 1676 1900 2138 2390 2656 2936
1 9 26 62 136 276 514 870 1313 1689 1629 525 -2148 -5472 -3189 25675 137017 461857 1281452 3160632 7174504
24 41 60 75 78 57 -8 -151 -428 -927 -1780 -3177 -5382 -8749 -13752 -20987 -31216 -45383 -64644 -90397 -124314
1 20 49 87 144 245 442 844 1672 3349 6664 13132 25855 51571 105380 221323 475498 1035585 2265214 4940856 10697077
11 27 57 121 245 471 881 1632 3001 5458 9834 17743 32565 61514 119614 236800 469863 921581 1770135 3312813 6029069
13 30 46 68 122 255 537 1080 2099 4042 7807 15045 28588 53036 96143 172417 313188 593395 1199071 2589143 5867173
5 24 53 95 161 279 514 1006 2043 4217 8784 18496 39443 84920 183116 391938 826470 1709219 3460544 6860658 13338822
8 13 34 87 201 419 809 1511 2859 5645 11645 24625 52228 109491 225421 455418 905058 1776117 3455960 6690231 12911995
1 2 3 4 5 6 7 8 9 10 11 12 13 14 15 16 17 18 19 20
27 39 62 123 268 576 1178 2283 4221 7523 13080 22476 38702 67666 121264 223324 420543 801679 1529818 2894601 5393968
0 9 35 82 158 287 535 1071 2306 5183 11734 26021 55643 113880 222530 415216 740692 1265123 2071629 3254396 4903358
6 7 8 9 10 11 12 13 14 15 16 17 18 19 20 21 22 23 24 25 26 77
-2 -1 -3 -14 -30 -30 35 260 811 1952 4055 7541 12635 18705 22775 16533 -19228 -124323 -375327 -911356 -1973816
21 35 48 68 117 248 575 1320 2894 6052 12213 24160 47615 94751 191745 394246 817455 1691793 3461354 6951076 13640477
10 31 64 115 204 366 662 1208 2266 4411 8929 18707 40224 87797 192183 417052 889342 1853707 3769186 7481203 14530338
16 29 69 151 300 569 1067 1998 3718 6842 12496 22937 42996 83194 166045 338218 693377 1414688 2854176 5681928 11167621
0 14 41 89 173 314 549 976 1886 4071 9452 22273 51311 113943 243619 503542 1011599 1985716 3826524 7268507 13656492
8 16 35 63 99 154 273 574 1317 3041 6865 15156 32948 70816 150540 316231 656430 1348482 2747675 5564101 11205817
18 26 34 42 50 58 66 74 82 90 98 106 114 122 130 138 146 154 162 170 178
26 45 68 95 126 161 200 243 290 341 396 455 518 585 656 731 810 893 980 1071 1166
15 28 49 76 113 182 347 738 1577 3231 6348 12176 23246 44780 87596 174181 351487 717876 1479589 3068493 6386422
-7 -1 17 47 97 191 384 800 1723 3795 8424 18610 40612 87300 184845 385966 796054 1624768 3288496 6614938 13252176
16 25 40 60 98 208 521 1283 2901 6037 11855 22634 43133 83390 164214 327891 659530 1331133 2695222 5486076 11249640
15 31 52 90 166 310 561 967 1585 2481 3730 5416 7632 10480 14071 18525 23971 30547 38400 47686 58570
10 29 59 104 171 280 496 1007 2292 5456 12864 29305 64113 135074 275765 549603 1077102 2089119 4030930 7764569 14957893
8 32 74 152 309 623 1225 2333 4322 7887 14438 27021 52323 104736 214077 439448 892940 1778514 3453514 6522974 11980273
14 25 45 74 113 173 285 510 964 1899 3925 8548 19387 44795 103243 233860 516166 1105745 2297468 4637363 9123483
-7 -9 2 42 127 279 539 998 1881 3767 8114 18407 42520 97423 218483 477938 1021879 2144437 4435508 9070042 18361211
2 3 1 -11 -36 -65 -67 23 318 995 2313 4633 8440 14367 23221 36011 53978 78627 111761 155517 212404
-4 -3 8 41 127 338 813 1789 3643 6957 12625 22029 37320 61850 100812 162157 257870 405701 631462 972017 1479109
5 4 10 38 120 316 731 1544 3055 5756 10432 18298 31178 51732 83737 132428 204905 310612 461894 674638 969004
23 40 65 97 145 237 423 782 1451 2698 5062 9587 18208 34465 65055 123550 239469 479962 1000077 2155915 4752833
3 14 40 99 222 471 973 1978 3961 7802 15099 28714 53761 99496 183107 337505 627435 1182642 2265502 4407205 8677732
15 22 35 65 125 10769 22245 43786 82899 153459 283992 538500 1066173 2213033 4758245
-6 -4 2 5 2 10 94 425 1412 4000 10308 24916 57330 126508 268886 552198 1098715 2123770 3999783 7365629 13323955
8 5 10 38 115 294 678 1444 2869 5374 9626 16779 29024 50837 91836 173300 342697 704862 1486077 3160259 6687872
5 -1 -1 24 119 366 897 1923 3806 7224 13521 25407 48292 92721 178645 342640 649699 1211901 2217139 3972202 6965893
5 1 -3 -7 -11 -15 -19 -23 -27 -31 -35 -39 -43 -47 -51 -55 -59 -63 -67 -71 -75
9 23 54 114 223 426 799 1519 2927 5754 11569 23708 49147 102203 211662 434082 877765 1744413 3398952 6482562 12089647
17 37 61 83 106 162 346 871 2151 4919 10387 20455 37976 67084 113592 185467 293389 451401 677657 995275 1433302
-4 8 44 123 269 513 902 1517 2514 4232 7431 13939 27982 59219 129286 285925 633337 1397010 3060897 6653815 14337180
9 12 27 65 148 291 558 1064 2069 4083 8026 15510 29459 55604 106049 207437 419000 871647 1851981 3982751 8610147
13 31 72 145 259 423 646 937 1305 1759 2308 2961 3727 4615 5634 6793 8101 9567 11200 13009 15003
19 30 43 64 111 222 460 924 1800 3522 7160 15210 33030 71246 149543 302358 587105 1095686 1970177 3423724 5767841
0 15 52 125 264 529 1024 1911 3424 5883 9708 15433 23720 35373 51352 72787 100992 137479 183972 242421 315016
10 17 36 94 246 603 1381 2979 6094 11881 22166 39720 68602 114579 185631 292549 449634 675505 994024 1435346 2037102
2 5 5 2 -4 -13 -25 -40 -58 -79 -103 -130 -160 -193 -229 -268 -310 -355 -403 -454 -508
-3 3 17 37 73 154 325 644 1205 2230 4291 8742 18461 39023 80447 159683 304029 555693 977741 1661699 2737105
8 13 26 64 158 359 744 1434 2658 4926 9421 18808 38833 81444 170909 355931 733854 1499311 3042418 6147952 12401826
-9 -5 8 27 42 39 21 58 378 1509 4475 11051 24144 48600 93345 177119 342852 691330 1455909 3161838 6955781
6 4 11 39 99 201 354 566 844 1194 1621 2129 2721 3399 4164 5016 5954 6976 8079 9259 10511
0 -8 -12 4 69 236 599 1312 2617 4909 8893 15917 28592 51831 94450 171471 307246 539478 924146 1541242 2501095
10 10 16 32 62 110 180 276 402 562 760 1000 1286 1622 2012 2460 2970 3546 4192 4912 5710